[pakistan surveillance birthday R7.jpg]
filters=Lomo=1,51.461990,86.549706;Lomo=1,50.000000,94.736847;Lomo=1,47.368423,92.982460;Lomo=1,50.000000,94.736847;
moddate=613b0938a06fd801
width=1080
height=1080
textactive=0
